0
17
34
51
68
85
102
119
136
153
170
187
204
221
238
255
272
289
306
323
340
357
374
391
408
425
442
459
476
493
510
527
544
561
578
595
612
629
646
663
680
697
714
731
748
765
782
799
816
833
850
867
884
901
918
935
952
969
986
1003
1020
1037
1054
1071
1088
1105
1122
1139
1156
1173
1190
1207
1224
1241
1258
1275
1292
1309
1326
1343
1360
1377
1394
1411
1428
1445
1462
1479
1496
1513
1530
1547
1564
1581
1598
1615
1632
1649
1666
1683
1700
1717
1734
1751
1768
1785
1802
1819
1836
1853
1870
1887
1904
1921
1938
1955
1972
1989
2006
2023
2040
2057
2074
2091
2108
2125
2142
2159
2176
2193
2210
2227
2244
2261
2278
2295
2312
2329
2346
2363
2380
2397
2414
2431
2448
2465
2482
2499
2516
2533
2550
2567
2584
2601
2618
2635
2652
2669
2686
2703
2720
2737
2754
2771
2788
2805
2822
2839
2856
2873
2890
2907
2924
2941
2958
2975
2992
3009
3026
3043
3060
3077
3094
3111
3128
3145
3162
3179
3196
3213
3230
3247
3264
3281
3298
3315
3332
3349
3366
3383
3400
3417
3434
3451
3468
3485
3502
3519
3536
3553
3570
3587
3604
3621
3638
3655
3672
3689
3706
3723
3740
3757
3774
3791
3808
3825
3842
3859
3876
3893
3910
3927
3944
3961
3978
3995
4012
4029
4046
4063
4080
4097
4114
4131
4148
4165
4182
4199
4216
4233
4250
4267
4284
4301
4318
4335
4352
4369
4386
4403
4420
4437
4454
4471
4488
4505
4522
4539
4556
4573
4590
4607
4624
4641
4658
4675
4692
4709
4726
4743
4760
4777
4794
4811
4828
4845
4862
4879
4896
4913
4930
4947
4964
4981
4998
5015
5032
5049
5066
5083
5100
5117
5134
5151
5168
5185
5202
5219
5236
5253
5270
5287
5304
5321
5338
5355
5372
5389
5406
5423
5440
5457
5474
5491
5508
5525
5542
5559
5576
5593
5610
5627
5644
5661
5678
5695
5712
5729
5746
5763
5780
5797
5814
5831
5848
5865
5882
5899
5916
5933
5950
5967
5984
6001
6018
6035
6052
6069
6086
6103
6120
6137
6154
6171
6188
6205
6222
6239
6256
6273
6290
6307
6324
6341
6358
6375
6392
6409
6426
6443
6460
6477
6494
6511
6528
6545
6562
6579
6596
6613
6630
6647
6664
6681
6698
6715
6732
6749
6766
6783
6800
6817
6834
6851
6868
6885
6902
6919
6936
6953
6970
6987
7004
7021
7038
7055
7072
7089
7106
7123
7140
7157
7174
7191
7208
7225
7242
7259
7276
7293
7310
7327
7344
7361
7378
7395
7412
7429
7446
7463
7480
7497
7514
7531
7548
7565
7582
7599
7616
7633
7650
7667
7684
7701
7718
7735
7752
7769
7786
7803
7820
7837
7854
7871
7888
7905
7922
7939
7956
7973
7990
8007
8024
8041
8058
8075
8092
8109
8126
8143
8160
8177
8194
8211
8228
8245
8262
8279
8296
8313
8330
8347
8364
8381
8398
8415
8432
8449
8466
8483
8500
8517
8534
8551
8568
8585
8602
8619
8636
8653
8670
8687
8704
8721
8738
8755
8772
8789
8806
8823
8840
8857
8874
8891
8908
8925
8942
8959
8976
8993
9010
9027
9044
9061
9078
9095
9112
9129
9146
9163
9180
9197
9214
9231
9248
9265
9282
9299
9316
9333
9350
9367
9384
9401
9418
9435
9452
9469
9486
9503
9520
9537
9554
9571
9588
9605
9622
9639
9656
9673
9690
9707
9724
9741
9758
9775
9792
9809
9826
9843
9860
9877
9894
9911
9928
9945
9962
9979
9996
10013
10030
10047
10064
10081
10098
10115
10132
10149
10166
10183
10200
10217
10234
10251
10268
10285
10302
10319
10336
10353
10370
10387
10404
10421
10438
10455
10472
10489
10506
10523
10540
10557
10574
10591
10608
10625
10642
10659
10676
10693
10710
10727
10744
10761
10778
10795
10812
10829
10846
10863
10880
10897
10914
10931
10948
10965
10982
10999
11016
11033
11050
11067
11084
11101
11118
11135
11152
11169
11186
11203
11220
11237
11254
11271
11288
11305
11322
11339
11356
11373
11390
11407
11424
11441
11458
11475
11492
11509
11526
11543
11560
11577
11594
11611
11628
11645
11662
11679
11696
11713
11730
11747
11764
11781
11798
11815
11832
11849
11866
11883
11900
11917
11934
11951
11968
11985
12002
12019
12036
12053
12070
12087
12104
12121
12138
12155
12172
12189
12206
12223
12240
12257
12274
12291
12308
12325
12342
12359
12376
12393
12410
12427
12444
12461
12478
12495
12512
12529
12546
12563
12580
12597
12614
12631
12648
12665
12682
12699
12716
12733
12750
12767
12784
12801
12818
12835
12852
12869
12886
12903
12920
12937
12954
12971
12988
13005
13022
13039
13056
13073
13090
13107
13124
13141
13158
13175
13192
13209
13226
13243
13260
13277
13294
13311
13328
13345
13362
13379
13396
13413
13430
13447
13464
13481
13498
13515
13532
13549
13566
13583
13600
13617
13634
13651
13668
13685
13702
13719
13736
13753
13770
13787
13804
13821
13838
13855
13872
13889
13906
13923
13940
13957
13974
13991
14008
14025
14042
14059
14076
14093
14110
14127
14144
14161
14178
14195
14212
14229
14246
14263
14280
14297
14314
14331
14348
14365
14382
14399
14416
14433
14450
14467
14484
14501
14518
14535
14552
14569
14586
14603
14620
14637
14654
14671
14688
14705
14722
14739
14756
14773
14790
14807
14824
14841
14858
14875
14892
14909
14926
14943
14960
14977
14994
15011
15028
15045
15062
15079
15096
15113
15130
15147
15164
15181
15198
15215
15232
15249
15266
15283
15300
15317
15334
15351
15368
15385
15402
15419
15436
15453
15470
15487
15504
15521
15538
15555
15572
15589
15606
15623
15640
15657
15674
15691
15708
15725
15742
15759
15776
15793
15810
15827
15844
15861
15878
15895
15912
15929
15946
15963
15980
15997
16014
16031
16048
16065
16082
16099
16116
16133
16150
16167
16184
16201
16218
16235
16252
16269
16286
16303
16320
16337
16354
16371
16388
16405
16422
16439
16456
16473
16490
16507
16524
16541
16558
16575
16592
16609
16626
16643
16660
16677
16694
16711
16728
16745
16762
16779
16796
16813
16830
16847
16864
16881
16898
16915
16932
16949
16966
16983
17000
17017
17034
17051
17068
17085
17102
17119
17136
17153
17170
17187
17204
17221
17238
17255
17272
17289
17306
17323
17340
17357
17374
17391
17408
17425
17442
17459
17476
17493
17510
17527
17544
17561
17578
17595
17612
17629
17646
17663
17680
17697
17714
17731
17748
17765
17782
17799
17816
17833
17850
17867
17884
17901
17918
17935
17952
17969
17986
18003
18020
18037
18054
18071
18088
18105
18122
18139
18156
18173
18190
18207
18224
18241
18258
18275
18292
18309
18326
18343
18360
18377
18394
18411
18428
18445
18462
18479
18496
18513
18530
18547
18564
18581
18598
18615
18632
18649
18666
18683
18700
18717
18734
18751
18768
18785
18802
18819
18836
18853
18870
18887
18904
18921
18938
18955
18972
18989
19006
19023
19040
19057
19074
19091
19108
19125
19142
19159
19176
19193
19210
19227
19244
19261
19278
19295
19312
19329
19346
19363
19380
19397
19414
19431
19448
19465
19482
19499
19516
19533
19550
19567
19584
19601
19618
19635
19652
19669
19686
19703
19720
19737
19754
19771
19788
19805
19822
19839
19856
19873
19890
19907
19924
19941
19958
19975
19992
20009
20026
20043
20060
20077
20094
20111
20128
20145
20162
20179
20196
20213
20230
20247
20264
20281
20298
20315
20332
20349
20366
20383
20400
20417
20434
20451
20468
20485
20502
20519
20536
20553
20570
20587
20604
20621
20638
20655
20672
20689
20706
20723
20740
20757
20774
20791
20808
20825
20842
20859
20876
20893
20910
20927
20944
20961
20978
20995
21012
21029
21046
21063
21080
21097
21114
21131
21148
21165
21182
21199
21216
21233
21250
21267
21284
21301
21318
21335
21352
21369
21386
21403
21420
21437
21454
21471
21488
21505
21522
21539
21556
21573
21590
21607
21624
21641
21658
21675
21692
21709
21726
21743
21760
21777
21794
21811
21828
21845
21862
21879
21896
21913
21930
21947
21964
21981
21998
22015
22032
22049
22066
22083
22100
22117
22134
22151
22168
22185
22202
22219
22236
22253
22270
22287
22304
22321
22338
22355
22372
22389
22406
22423
22440
22457
22474
22491
22508
22525
22542
22559
22576
22593
22610
22627
22644
22661
22678
22695
22712
22729
22746
22763
22780
22797
22814
22831
22848
22865
22882
22899
22916
22933
22950
22967
22984
23001
23018
23035
23052
23069
23086
23103
23120
23137
23154
23171
23188
23205
23222
23239
23256
23273
23290
23307
23324
23341
23358
23375
23392
23409
23426
23443
23460
23477
23494
23511
23528
23545
23562
23579
23596
23613
23630
23647
23664
23681
23698
23715
23732
23749
23766
23783
23800
23817
23834
23851
23868
23885
23902
23919
23936
23953
23970
23987
24004
24021
24038
24055
24072
24089
24106
24123
24140
24157
24174
24191
24208
24225
24242
24259
24276
24293
24310
24327
24344
24361
24378
24395
24412
24429
24446
24463
24480
24497
24514
24531
24548
24565
24582
24599
24616
24633
24650
24667
24684
24701
24718
24735
24752
24769
24786
24803
24820
24837
24854
24871
24888
24905
24922
24939
24956
24973
24990
25007
25024
25041
25058
25075
25092
25109
25126
25143
25160
25177
25194
25211
25228
25245
25262
25279
25296
25313
25330
25347
25364
25381
25398
25415
25432
25449
25466
25483
25500
25517
25534
25551
25568
25585
25602
25619
25636
25653
25670
25687
25704
25721
25738
25755
25772
25789
25806
25823
25840
25857
25874
25891
25908
25925
25942
25959
25976
25993
26010
26027
26044
26061
26078
26095
26112
26129
26146
26163
26180
26197
26214
26231
26248
26265
26282
26299
26316
26333
26350
26367
26384
26401
26418
26435
26452
26469
26486
26503
26520
26537
26554
26571
26588
26605
26622
26639
26656
26673
26690
26707
26724
26741
26758
26775
26792
26809
26826
26843
26860
26877
26894
26911
26928
26945
26962
26979
26996
27013
27030
27047
27064
27081
27098
27115
27132
27149
27166
27183
27200
27217
27234
27251
27268
27285
27302
27319
27336
27353
27370
27387
27404
27421
27438
27455
27472
27489
27506
27523
27540
27557
27574
27591
27608
27625
27642
27659
27676
27693
27710
27727
27744
27761
27778
27795
27812
27829
27846
27863
27880
27897
27914
27931
27948
27965
27982
27999
28016
28033
28050
28067
28084
28101
28118
28135
28152
28169
28186
28203
28220
28237
28254
28271
28288
28305
28322
28339
28356
28373
28390
28407
28424
28441
28458
28475
28492
28509
28526
28543
28560
28577
28594
28611
28628
28645
28662
28679
28696
28713
28730
28747
28764
28781
28798
28815
28832
28849
28866
28883
28900
28917
28934
28951
28968
28985
29002
29019
29036
29053
29070
29087
29104
29121
29138
29155
29172
29189
29206
29223
29240
29257
29274
29291
29308
29325
29342
29359
29376
29393
29410
29427
29444
29461
29478
29495
29512
29529
29546
29563
29580
29597
29614
29631
29648
29665
29682
29699
29716
29733
29750
29767
29784
29801
29818
29835
29852
29869
29886
29903
29920
29937
29954
29971
29988
30005
30022
30039
30056
30073
30090
30107
30124
30141
30158
30175
30192
30209
30226
30243
30260
30277
30294
30311
30328
30345
30362
30379
30396
30413
30430
30447
30464
30481
30498
30515
30532
30549
30566
30583
30600
30617
30634
30651
30668
30685
30702
30719
30736
30753
30770
30787
30804
30821
30838
30855
30872
30889
30906
30923
30940
30957
30974
30991
31008
31025
31042
31059
31076
31093
31110
31127
31144
31161
31178
31195
31212
31229
31246
31263
31280
31297
31314
31331
31348
31365
31382
31399
31416
31433
31450
31467
31484
31501
31518
31535
31552
31569
31586
31603
31620
31637
31654
31671
31688
31705
31722
31739
31756
31773
31790
31807
31824
31841
31858
31875
31892
31909
31926
31943
31960
31977
31994
32011
32028
32045
32062
32079
32096
32113
32130
32147
32164
32181
32198
32215
32232
32249
32266
32283
32300
32317
32334
32351
32368
32385
32402
32419
32436
32453
32470
32487
32504
32521
32538
32555
32572
32589
32606
32623
32640
32657
32674
32691
32708
32725
32742
32759
32776
32793
32810
32827
32844
32861
32878
32895
32912
32929
32946
32963
32980
32997
33014
33031
33048
33065
33082
33099
33116
33133
33150
33167
33184
33201
33218
33235
33252
33269
33286
33303
33320
33337
33354
33371
33388
33405
33422
33439
33456
33473
33490
33507
33524
33541
33558
33575
33592
33609
33626
33643
33660
33677
33694
33711
33728
33745
33762
33779
33796
33813
33830
33847
33864
33881
33898
33915
33932
33949
33966
33983
34000
34017
34034
34051
34068
34085
34102
34119
34136
34153
34170
34187
34204
34221
34238
34255
34272
34289
34306
34323
34340
34357
34374
34391
34408
34425
34442
34459
34476
34493
34510
34527
34544
34561
34578
34595
34612
34629
34646
34663
34680
34697
34714
34731
34748
34765
34782
34799
34816
34833
34850
34867
34884
34901
34918
34935
34952
34969
34986
35003
35020
35037
35054
35071
35088
35105
35122
35139
35156
35173
35190
35207
35224
35241
35258
35275
35292
35309
35326
35343
35360
35377
35394
35411
35428
35445
35462
35479
35496
35513
35530
35547
35564
35581
35598
35615
35632
35649
35666
35683
35700
35717
35734
35751
35768
35785
35802
35819
35836
35853
35870
35887
35904
35921
35938
35955
35972
35989
36006
36023
36040
36057
36074
36091
36108
36125
36142
36159
36176
36193
36210
36227
36244
36261
36278
36295
36312
36329
36346
36363
36380
36397
36414
36431
36448
36465
36482
36499
36516
36533
36550
36567
36584
36601
36618
36635
36652
36669
36686
36703
36720
36737
36754
36771
36788
36805
36822
36839
36856
36873
36890
36907
36924
36941
36958
36975
36992
37009
37026
37043
37060
37077
37094
37111
37128
37145
37162
37179
37196
37213
37230
37247
37264
37281
37298
37315
37332
37349
37366
37383
37400
37417
37434
37451
37468
37485
37502
37519
37536
37553
37570
37587
37604
37621
37638
37655
37672
37689
37706
37723
37740
37757
37774
37791
37808
37825
37842
37859
37876
37893
37910
37927
37944
37961
37978
37995
38012
38029
38046
38063
38080
38097
38114
38131
38148
38165
38182
38199
38216
38233
38250
38267
38284
38301
38318
38335
38352
38369
38386
38403
38420
38437
38454
38471
38488
38505
38522
38539
38556
38573
38590
38607
38624
38641
38658
38675
38692
38709
38726
38743
38760
38777
38794
38811
38828
38845
38862
38879
38896
38913
38930
38947
38964
38981
38998
39015
39032
39049
39066
39083
39100
39117
39134
39151
39168
39185
39202
39219
39236
39253
39270
39287
39304
39321
39338
39355
39372
39389
39406
39423
39440
39457
39474
39491
39508
39525
39542
39559
39576
39593
39610
39627
39644
39661
39678
39695
39712
39729
39746
39763
39780
39797
39814
39831
39848
39865
39882
39899
39916
39933
39950
39967
39984
40001
40018
40035
40052
40069
40086
40103
40120
40137
40154
40171
40188
40205
40222
40239
40256
40273
40290
40307
40324
40341
40358
40375
40392
40409
40426
40443
40460
40477
40494
40511
40528
40545
40562
40579
40596
40613
40630
40647
40664
40681
40698
40715
40732
40749
40766
40783
40800
40817
40834
40851
40868
40885
40902
40919
40936
40953
40970
40987
41004
41021
41038
41055
41072
41089
41106
41123
41140
41157
41174
41191
41208
41225
41242
41259
41276
41293
41310
41327
41344
41361
41378
41395
41412
41429
41446
41463
41480
41497
41514
41531
41548
41565
41582
41599
41616
41633
41650
41667
41684
41701
41718
41735
41752
41769
41786
41803
41820
41837
41854
41871
41888
41905
41922
41939
41956
41973
41990
42007
42024
42041
42058
42075
42092
42109
42126
42143
42160
42177
42194
42211
42228
42245
42262
42279
42296
42313
42330
42347
42364
42381
42398
42415
42432
42449
42466
42483
42500
42517
42534
42551
42568
42585
42602
42619
42636
42653
42670
42687
42704
42721
42738
42755
42772
42789
42806
42823
42840
42857
42874
42891
42908
42925
42942
42959
42976
42993
43010
43027
43044
43061
43078
43095
43112
43129
43146
43163
43180
43197
43214
43231
43248
43265
43282
43299
43316
43333
43350
43367
43384
43401
43418
43435
43452
43469
43486
43503
43520
43537
43554
43571
43588
43605
43622
43639
43656
43673
43690
43707
43724
43741
43758
43775
43792
43809
43826
43843
43860
43877
43894
43911
43928
43945
43962
43979
43996
44013
44030
44047
44064
44081
44098
44115
44132
44149
44166
44183
44200
44217
44234
44251
44268
44285
44302
44319
44336
44353
44370
44387
44404
44421
44438
44455
44472
44489
44506
44523
44540
44557
44574
44591
44608
44625
44642
44659
44676
44693
44710
44727
44744
44761
44778
44795
44812
44829
44846
44863
44880
44897
44914
44931
44948
44965
44982
44999
45016
45033
45050
45067
45084
45101
45118
45135
45152
45169
45186
45203
45220
45237
45254
45271
45288
45305
45322
45339
45356
45373
45390
45407
45424
45441
45458
45475
45492
45509
45526
45543
45560
45577
45594
45611
45628
45645
45662
45679
45696
45713
45730
45747
45764
45781
45798
45815
45832
45849
45866
45883
45900
45917
45934
45951
45968
45985
46002
46019
46036
46053
46070
46087
46104
46121
46138
46155
46172
46189
46206
46223
46240
46257
46274
46291
46308
46325
46342
46359
46376
46393
46410
46427
46444
46461
46478
46495
46512
46529
46546
46563
46580
46597
46614
46631
46648
46665
46682
46699
46716
46733
46750
46767
46784
46801
46818
46835
46852
46869
46886
46903
46920
46937
46954
46971
46988
47005
47022
47039
47056
47073
47090
47107
47124
47141
47158
47175
47192
47209
47226
47243
47260
47277
47294
47311
47328
47345
47362
47379
47396
47413
47430
47447
47464
47481
47498
47515
47532
47549
47566
47583
47600
47617
47634
47651
47668
47685
47702
47719
47736
47753
47770
47787
47804
47821
47838
47855
47872
47889
47906
47923
47940
47957
47974
47991
48008
48025
48042
48059
48076
48093
48110
48127
48144
48161
48178
48195
48212
48229
48246
48263
48280
48297
48314
48331
48348
48365
48382
48399
48416
48433
48450
48467
48484
48501
48518
48535
48552
48569
48586
48603
48620
48637
48654
48671
48688
48705
48722
48739
48756
48773
48790
48807
48824
48841
48858
48875
48892
48909
48926
48943
48960
48977
48994
49011
49028
49045
49062
49079
49096
49113
49130
49147
49164
49181
49198
49215
49232
49249
49266
49283
49300
49317
49334
49351
49368
49385
49402
49419
49436
49453
49470
49487
49504
49521
49538
49555
49572
49589
49606
49623
49640
49657
49674
49691
49708
49725
49742
49759
49776
49793
49810
49827
49844
49861
49878
49895
49912
49929
49946
49963
49980
49997
50014
50031
50048
50065
50082
50099
50116
50133
50150
50167
50184
50201
50218
50235
50252
50269
50286
50303
50320
50337
50354
50371
50388
50405
50422
50439
50456
50473
50490
50507
50524
50541
50558
50575
50592
50609
50626
50643
50660
50677
50694
50711
50728
50745
50762
50779
50796
50813
50830
50847
50864
50881
50898
50915
50932
50949
50966
50983
51000
51017
51034
51051
51068
51085
51102
51119
51136
51153
51170
51187
51204
51221
51238
51255
51272
51289
51306
51323
51340
51357
51374
51391
51408
51425
51442
51459
51476
51493
51510
51527
51544
51561
51578
51595
51612
51629
51646
51663
51680
51697
51714
51731
51748
51765
51782
51799
51816
51833
51850
51867
51884
51901
51918
51935
51952
51969
51986
52003
52020
52037
52054
52071
52088
52105
52122
52139
52156
52173
52190
52207
52224
52241
52258
52275
52292
52309
52326
52343
52360
52377
52394
52411
52428
52445
52462
52479
52496
52513
52530
52547
52564
52581
52598
52615
52632
52649
52666
52683
52700
52717
52734
52751
52768
52785
52802
52819
52836
52853
52870
52887
52904
52921
52938
52955
52972
52989
53006
53023
53040
53057
53074
53091
53108
53125
53142
53159
53176
53193
53210
53227
53244
53261
53278
53295
53312
53329
53346
53363
53380
53397
53414
53431
53448
53465
53482
53499
53516
53533
53550
53567
53584
53601
53618
53635
53652
53669
53686
53703
53720
53737
53754
53771
53788
53805
53822
53839
53856
53873
53890
53907
53924
53941
53958
53975
53992
54009
54026
54043
54060
54077
54094
54111
54128
54145
54162
54179
54196
54213
54230
54247
54264
54281
54298
54315
54332
54349
54366
54383
54400
54417
54434
54451
54468
54485
54502
54519
54536
54553
54570
54587
54604
54621
54638
54655
54672
54689
54706
54723
54740
54757
54774
54791
54808
54825
54842
54859
54876
54893
54910
54927
54944
54961
54978
54995
55012
55029
55046
55063
55080
55097
55114
55131
55148
55165
55182
55199
55216
55233
55250
55267
55284
55301
55318
55335
55352
55369
55386
55403
55420
55437
55454
55471
55488
55505
55522
55539
55556
55573
55590
55607
55624
55641
55658
55675
55692
55709
55726
55743
55760
55777
55794
55811
55828
55845
55862
55879
55896
55913
55930
55947
55964
55981
55998
56015
56032
56049
56066
56083
56100
56117
56134
56151
56168
56185
56202
56219
56236
56253
56270
56287
56304
56321
56338
56355
56372
56389
56406
56423
56440
56457
56474
56491
56508
56525
56542
56559
56576
56593
56610
56627
56644
56661
56678
56695
56712
56729
56746
56763
56780
56797
56814
56831
56848
56865
56882
56899
56916
56933
56950
56967
56984
57001
57018
57035
57052
57069
57086
57103
57120
57137
57154
57171
57188
57205
57222
57239
57256
57273
57290
57307
57324
57341
57358
57375
57392
57409
57426
57443
57460
57477
57494
57511
57528
57545
57562
57579
57596
57613
57630
57647
57664
57681
57698
57715
57732
57749
57766
57783
57800
57817
57834
57851
57868
57885
57902
57919
57936
57953
57970
57987
58004
58021
58038
58055
58072
58089
58106
58123
58140
58157
58174
58191
58208
58225
58242
58259
58276
58293
58310
58327
58344
58361
58378
58395
58412
58429
58446
58463
58480
58497
58514
58531
58548
58565
58582
58599
58616
58633
58650
58667
58684
58701
58718
58735
58752
58769
58786
58803
58820
58837
58854
58871
58888
58905
58922
58939
58956
58973
58990
59007
59024
59041
59058
59075
59092
59109
59126
59143
59160
59177
59194
59211
59228
59245
59262
59279
59296
59313
59330
59347
59364
59381
59398
59415
59432
59449
59466
59483
59500
59517
59534
59551
59568
59585
59602
59619
59636
59653
59670
59687
59704
59721
59738
59755
59772
59789
59806
59823
59840
59857
59874
59891
59908
59925
59942
59959
59976
59993
60010
60027
60044
60061
60078
60095
60112
60129
60146
60163
60180
60197
60214
60231
60248
60265
60282
60299
60316
60333
60350
60367
60384
60401
60418
60435
60452
60469
60486
60503
60520
60537
60554
60571
60588
60605
60622
60639
60656
60673
60690
60707
60724
60741
60758
60775
60792
60809
60826
60843
60860
60877
60894
60911
60928
60945
60962
60979
60996
61013
61030
61047
61064
61081
61098
61115
61132
61149
61166
61183
61200
61217
61234
61251
61268
61285
61302
61319
61336
61353
61370
61387
61404
61421
61438
61455
61472
61489
61506
61523
61540
61557
61574
61591
61608
61625
61642
61659
61676
61693
61710
61727
61744
61761
61778
61795
61812
61829
61846
61863
61880
61897
61914
61931
61948
61965
61982
61999
62016
62033
62050
62067
62084
62101
62118
62135
62152
62169
62186
62203
62220
62237
62254
62271
62288
62305
62322
62339
62356
62373
62390
62407
62424
62441
62458
62475
62492
62509
62526
62543
62560
62577
62594
62611
62628
62645
62662
62679
62696
62713
62730
62747
62764
62781
62798
62815
62832
62849
62866
62883
62900
62917
62934
62951
62968
62985
63002
63019
63036
63053
63070
63087
63104
63121
63138
63155
63172
63189
63206
63223
63240
63257
63274
63291
63308
63325
63342
63359
63376
63393
63410
63427
63444
63461
63478
63495
63512
63529
63546
63563
63580
63597
63614
63631
63648
63665
63682
63699
63716
63733
63750
63767
63784
63801
63818
63835
63852
63869
63886
63903
63920
63937
63954
63971
63988
64005
64022
64039
64056
64073
64090
64107
64124
64141
64158
64175
64192
64209
64226
64243
64260
64277
64294
64311
64328
64345
64362
64379
64396
64413
64430
64447
64464
64481
64498
64515
64532
64549
64566
64583
64600
64617
64634
64651
64668
64685
64702
64719
64736
64753
64770
64787
64804
64821
64838
64855
64872
64889
64906
64923
64940
64957
64974
64991
65008
65025
65042
65059
65076
65093
65110
65127
65144
65161
65178
65195
65212
65229
65246
65263
65280
65297
65314
65331
65348
65365
65382
65399
65416
65433
65450
65467
65484
65501
65518
65535
65552
65569
65586
65603
65620
65637
65654
65671
65688
65705
65722
65739
65756
65773
65790
65807
65824
65841
65858
65875
65892
65909
65926
65943
65960
65977
65994
66011
66028
66045
66062
66079
66096
66113
66130
66147
66164
66181
66198
66215
66232
66249
66266
66283
66300
66317
66334
66351
66368
66385
66402
66419
66436
66453
66470
66487
66504
66521
66538
66555
66572
66589
66606
66623
66640
66657
66674
66691
66708
66725
66742
66759
66776
66793
66810
66827
66844
66861
66878
66895
66912
66929
66946
66963
66980
66997
67014
67031
67048
67065
67082
67099
67116
67133
67150
67167
67184
67201
67218
67235
67252
67269
67286
67303
67320
67337
67354
67371
67388
67405
67422
67439
67456
67473
67490
67507
67524
67541
67558
67575
67592
67609
67626
67643
67660
67677
67694
67711
67728
67745
67762
67779
67796
67813
67830
67847
67864
67881
67898
67915
67932
67949
67966
67983
68000
68017
68034
68051
68068
68085
68102
68119
68136
68153
68170
68187
68204
68221
68238
68255
68272
68289
68306
68323
68340
68357
68374
68391
68408
68425
68442
68459
68476
68493
68510
68527
68544
68561
68578
68595
68612
68629
68646
68663
68680
68697
68714
68731
68748
68765
68782
68799
68816
68833
68850
68867
68884
68901
68918
68935
68952
68969
68986
69003
69020
69037
69054
69071
69088
69105
69122
69139
69156
69173
69190
69207
69224
69241
69258
69275
69292
69309
69326
69343
69360
69377
69394
69411
69428
69445
69462
69479
69496
69513
69530
69547
69564
69581
69598
69615
69632
69649
69666
69683
69700
69717
69734
69751
69768
69785
69802
69819
69836
69853
69870
69887
69904
69921
69938
69955
69972
69989
70006
70023
70040
70057
70074
70091
70108
70125
70142
70159
70176
70193
70210
70227
70244
70261
70278
70295
70312
70329
70346
70363
70380
70397
70414
70431
70448
70465
70482
70499
70516
70533
70550
70567
70584
70601
70618
70635
70652
70669
70686
70703
70720
70737
70754
70771
70788
70805
70822
70839
70856
70873
70890
70907
70924
70941
70958
70975
70992
71009
71026
71043
71060
71077
71094
71111
71128
71145
71162
71179
71196
71213
71230
71247
71264
71281
71298
71315
71332
71349
71366
71383
71400
71417
71434
71451
71468
71485
71502
71519
71536
71553
71570
71587
71604
71621
71638
71655
71672
71689
71706
71723
71740
71757
71774
71791
71808
71825
71842
71859
71876
71893
71910
71927
71944
71961
71978
71995
72012
72029
72046
72063
72080
72097
72114
72131
72148
72165
72182
72199
72216
72233
72250
72267
72284
72301
72318
72335
72352
72369
72386
72403
72420
72437
72454
72471
72488
72505
72522
72539
72556
72573
72590
72607
72624
72641
72658
72675
72692
72709
72726
72743
72760
72777
72794
72811
72828
72845
72862
72879
72896
72913
72930
72947
72964
72981
72998
73015
73032
73049
73066
73083
73100
73117
73134
73151
73168
73185
73202
73219
73236
73253
73270
73287
73304
73321
73338
73355
73372
73389
73406
73423
73440
73457
73474
73491
73508
73525
73542
73559
73576
73593
73610
73627
73644
73661
73678
73695
73712
73729
73746
73763
73780
73797
73814
73831
73848
73865
73882
73899
73916
73933
73950
73967
73984
74001
74018
74035
74052
74069
74086
74103
74120
74137
74154
74171
74188
74205
74222
74239
74256
74273
74290
74307
74324
74341
74358
74375
74392
74409
74426
74443
74460
74477
74494
74511
74528
74545
74562
74579
74596
74613
74630
74647
74664
74681
74698
74715
74732
74749
74766
74783
74800
74817
74834
74851
74868
74885
74902
74919
74936
74953
74970
74987
75004
75021
75038
75055
75072
75089
75106
75123
75140
75157
75174
75191
75208
75225
75242
75259
75276
75293
75310
75327
75344
75361
75378
75395
75412
75429
75446
75463
75480
75497
75514
75531
75548
75565
75582
75599
75616
75633
75650
75667
75684
75701
75718
75735
75752
75769
75786
75803
75820
75837
75854
75871
75888
75905
75922
75939
75956
75973
75990
76007
76024
76041
76058
76075
76092
76109
76126
76143
76160
76177
76194
76211
76228
76245
76262
76279
76296
76313
76330
76347
76364
76381
76398
76415
76432
76449
76466
76483
76500
76517
76534
76551
76568
76585
76602
76619
76636
76653
76670
76687
76704
76721
76738
76755
76772
76789
76806
76823
76840
76857
76874
76891
76908
76925
76942
76959
76976
76993
77010
77027
77044
77061
77078
77095
77112
77129
77146
77163
77180
77197
77214
77231
77248
77265
77282
77299
77316
77333
77350
77367
77384
77401
77418
77435
77452
77469
77486
77503
77520
77537
77554
77571
77588
77605
77622
77639
77656
77673
77690
77707
77724
77741
77758
77775
77792
77809
77826
77843
77860
77877
77894
77911
77928
77945
77962
77979
77996
78013
78030
78047
78064
78081
78098
78115
78132
78149
78166
78183
78200
78217
78234
78251
78268
78285
78302
78319
78336
78353
78370
78387
78404
78421
78438
78455
78472
78489
78506
78523
78540
78557
78574
78591
78608
78625
78642
78659
78676
78693
78710
78727
78744
78761
78778
78795
78812
78829
78846
78863
78880
78897
78914
78931
78948
78965
78982
78999
79016
79033
79050
79067
79084
79101
79118
79135
79152
79169
79186
79203
79220
79237
79254
79271
79288
79305
79322
79339
79356
79373
79390
79407
79424
79441
79458
79475
79492
79509
79526
79543
79560
79577
79594
79611
79628
79645
79662
79679
79696
79713
79730
79747
79764
79781
79798
79815
79832
79849
79866
79883
79900
79917
79934
79951
79968
79985
80002
80019
80036
80053
80070
80087
80104
80121
80138
80155
80172
80189
80206
80223
80240
80257
80274
80291
80308
80325
80342
80359
80376
80393
80410
80427
80444
80461
80478
80495
80512
80529
80546
80563
80580
80597
80614
80631
80648
80665
80682
80699
80716
80733
80750
80767
80784
80801
80818
80835
80852
80869
80886
80903
80920
80937
80954
80971
80988
81005
81022
81039
81056
81073
81090
81107
81124
81141
81158
81175
81192
81209
81226
81243
81260
81277
81294
81311
81328
81345
81362
81379
81396
81413
81430
81447
81464
81481
81498
81515
81532
81549
81566
81583
81600
81617
81634
81651
81668
81685
81702
81719
81736
81753
81770
81787
81804
81821
81838
81855
81872
81889
81906
81923
81940
81957
81974
81991
82008
82025
82042
82059
82076
82093
82110
82127
82144
82161
82178
82195
82212
82229
82246
82263
82280
82297
82314
82331
82348
82365
82382
82399
82416
82433
82450
82467
82484
82501
82518
82535
82552
82569
82586
82603
82620
82637
82654
82671
82688
82705
82722
82739
82756
82773
82790
82807
82824
82841
82858
82875
82892
82909
82926
82943
82960
82977
82994
83011
83028
83045
83062
83079
83096
83113
83130
83147
83164
83181
83198
83215
83232
83249
83266
83283
83300
83317
83334
83351
83368
83385
83402
83419
83436
83453
83470
83487
83504
83521
83538
83555
83572
83589
83606
83623
83640
83657
83674
83691
83708
83725
83742
83759
83776
83793
83810
83827
83844
83861
83878
83895
83912
83929
83946
83963
83980
83997
84014
84031
84048
84065
84082
84099
84116
84133
84150
84167
84184
84201
84218
84235
84252
84269
84286
84303
84320
84337
84354
84371
84388
84405
84422
84439
84456
84473
84490
84507
84524
84541
84558
84575
84592
84609
84626
84643
84660
84677
84694
84711
84728
84745
84762
84779
84796
84813
84830
84847
84864
84881
84898
84915
84932
84949
84966
84983
85000
85017
85034
85051
85068
85085
85102
85119
85136
85153
85170
85187
85204
85221
85238
85255
85272
85289
85306
85323
85340
85357
85374
85391
85408
85425
85442
85459
85476
85493
85510
85527
85544
85561
85578
85595
85612
85629
85646
85663
85680
85697
85714
85731
85748
85765
85782
85799
85816
85833
85850
85867
85884
85901
85918
85935
85952
85969
85986
86003
86020
86037
86054
86071
86088
86105
86122
86139
86156
86173
86190
86207
86224
86241
86258
86275
86292
86309
86326
86343
86360
86377
86394
86411
86428
86445
86462
86479
86496
86513
86530
86547
86564
86581
86598
86615
86632
86649
86666
86683
86700
86717
86734
86751
86768
86785
86802
86819
86836
86853
86870
86887
86904
86921
86938
86955
86972
86989
87006
87023
87040
87057
87074
87091
87108
87125
87142
87159
87176
87193
87210
87227
87244
87261
87278
87295
87312
87329
87346
87363
87380
87397
87414
87431
87448
87465
87482
87499
87516
87533
87550
87567
87584
87601
87618
87635
87652
87669
87686
87703
87720
87737
87754
87771
87788
87805
87822
87839
87856
87873
87890
87907
87924
87941
87958
87975
87992
88009
88026
88043
88060
88077
88094
88111
88128
88145
88162
88179
88196
88213
88230
88247
88264
88281
88298
88315
88332
88349
88366
88383
88400
88417
88434
88451
88468
88485
88502
88519
88536
88553
88570
88587
88604
88621
88638
88655
88672
88689
88706
88723
88740
88757
88774
88791
88808
88825
88842
88859
88876
88893
88910
88927
88944
88961
88978
88995
89012
89029
89046
89063
89080
89097
89114
89131
89148
89165
89182
89199
89216
89233
89250
89267
89284
89301
89318
89335
89352
89369
89386
89403
89420
89437
89454
89471
89488
89505
89522
89539
89556
89573
89590
89607
89624
89641
89658
89675
89692
89709
89726
89743
89760
89777
89794
89811
89828
89845
89862
89879
89896
89913
89930
89947
89964
89981
89998
90015
90032
90049
90066
90083
90100
90117
90134
90151
90168
90185
90202
90219
90236
90253
90270
90287
90304
90321
90338
90355
90372
90389
90406
90423
90440
90457
90474
90491
90508
90525
90542
90559
90576
90593
90610
90627
90644
90661
90678
90695
90712
90729
90746
90763
90780
90797
90814
90831
90848
90865
90882
90899
90916
90933
90950
90967
90984
91001
91018
91035
91052
91069
91086
91103
91120
91137
91154
91171
91188
91205
91222
91239
91256
91273
91290
91307
91324
91341
91358
91375
91392
91409
91426
91443
91460
91477
91494
91511
91528
91545
91562
91579
91596
91613
91630
91647
91664
91681
91698
91715
91732
91749
91766
91783
91800
91817
91834
91851
91868
91885
91902
91919
91936
91953
91970
91987
92004
92021
92038
92055
92072
92089
92106
92123
92140
92157
92174
92191
92208
92225
92242
92259
92276
92293
92310
92327
92344
92361
92378
92395
92412
92429
92446
92463
92480
92497
92514
92531
92548
92565
92582
92599
92616
92633
92650
92667
92684
92701
92718
92735
92752
92769
92786
92803
92820
92837
92854
92871
92888
92905
92922
92939
92956
92973
92990
93007
93024
93041
93058
93075
93092
93109
93126
93143
93160
93177
93194
93211
93228
93245
93262
93279
93296
93313
93330
93347
93364
93381
93398
93415
93432
93449
93466
93483
93500
93517
93534
93551
93568
93585
93602
93619
93636
93653
93670
93687
93704
93721
93738
93755
93772
93789
93806
93823
93840
93857
93874
93891
93908
93925
93942
93959
93976
93993
94010
94027
94044
94061
94078
94095
94112
94129
94146
94163
94180
94197
94214
94231
94248
94265
94282
94299
94316
94333
94350
94367
94384
94401
94418
94435
94452
94469
94486
94503
94520
94537
94554
94571
94588
94605
94622
94639
94656
94673
94690
94707
94724
94741
94758
94775
94792
94809
94826
94843
94860
94877
94894
94911
94928
94945
94962
94979
94996
95013
95030
95047
95064
95081
95098
95115
95132
95149
95166
95183
95200
95217
95234
95251
95268
95285
95302
95319
95336
95353
95370
95387
95404
95421
95438
95455
95472
95489
95506
95523
95540
95557
95574
95591
95608
95625
95642
95659
95676
95693
95710
95727
95744
95761
95778
95795
95812
95829
95846
95863
95880
95897
95914
95931
95948
95965
95982
95999
96016
96033
96050
96067
96084
96101
96118
96135
96152
96169
96186
96203
96220
96237
96254
96271
96288
96305
96322
96339
96356
96373
96390
96407
96424
96441
96458
96475
96492
96509
96526
96543
96560
96577
96594
96611
96628
96645
96662
96679
96696
96713
96730
96747
96764
96781
96798
96815
96832
96849
96866
96883
96900
96917
96934
96951
96968
96985
97002
97019
97036
97053
97070
97087
97104
97121
97138
97155
97172
97189
97206
97223
97240
97257
97274
97291
97308
97325
97342
97359
97376
97393
97410
97427
97444
97461
97478
97495
97512
97529
97546
97563
97580
97597
97614
97631
97648
97665
97682
97699
97716
97733
97750
97767
97784
97801
97818
97835
97852
97869
97886
97903
97920
97937
97954
97971
97988
98005
98022
98039
98056
98073
98090
98107
98124
98141
98158
98175
98192
98209
98226
98243
98260
98277
98294
98311
98328
98345
98362
98379
98396
98413
98430
98447
98464
98481
98498
98515
98532
98549
98566
98583
98600
98617
98634
98651
98668
98685
98702
98719
98736
98753
98770
98787
98804
98821
98838
98855
98872
98889
98906
98923
98940
98957
98974
98991
99008
99025
99042
99059
99076
99093
99110
99127
99144
99161
99178
99195
99212
99229
99246
99263
99280
99297
99314
99331
99348
99365
99382
99399
99416
99433
99450
99467
99484
99501
99518
99535
99552
99569
99586
99603
99620
99637
99654
99671
99688
99705
99722
99739
99756
99773
99790
99807
99824
99841
99858
99875
99892
99909
99926
99943
99960
99977
99994
